$ 1 0.000005 382.76258214399064 60 5 43 5e-11
f 144 256 192 256 32 1.5 0.02
f 448 256 400 256 32 1.5 0.02
f 144 160 192 160 33 1.5 0.02
f 448 160 400 160 33 1.5 0.02
t 0 224 32 224 0 1 -11.757358989997117 0.24262879455313877 100 default
g 288 320 288 352 0 0
415 240 208 352 208 0 0.5 1 0.15 0.15 0.02 0.05 1 0
w 288 96 192 96 0
r 80 144 80 208 0 10000
w 192 96 128 96 0
w 192 96 192 144 0
v -80 224 -48 224 0 0 40 3.3 0 0 0.5
w -80 224 -80 256 0
r -48 224 0 224 0 1000
w 0 256 32 256 0
w 192 176 192 208 0
w 192 208 240 208 0
w 352 208 400 208 0
w 400 208 400 240 0
w 400 272 400 304 0
w 400 320 288 320 0
r 32 208 80 208 0 100
s 0 256 -80 256 0 1 false
w 288 96 400 96 0
w 400 96 448 96 0
w 400 144 400 96 0
r 496 208 560 208 0 100
r 496 208 496 144 0 10000
t 624 224 576 224 0 1 0.6202064532459153 0.643461201086075 100 default
w 560 208 576 208 0
r 624 224 688 224 0 1000
g 528 256 528 272 0 0
w 400 304 400 320 0
w 576 240 576 256 0
w 576 256 528 256 0
s 576 256 688 256 0 0 false
w 32 240 32 256 0
g 64 256 64 272 0 0
R 288 96 288 64 0 0 40 12 0 0 0.5
w 192 240 192 208 0
w 288 320 192 320 0
w 192 272 192 320 0
w 400 208 400 176 0
v 720 224 688 224 0 0 40 3.3 0 0 0.5
w 688 256 720 256 0
w 720 256 720 224 0
x 204 257 266 260 4 12 N-MOSFET
x 329 256 391 259 4 12 N-MOSFET
x 200 160 261 163 4 12 P-MOSFET
x 329 158 390 161 4 12 P-MOSFET
x 592 201 617 204 4 12 NPN
x -5 196 20 199 4 12 NPN
w 496 144 496 96 0
w 496 96 448 96 0
w 496 208 448 208 0
w 448 208 448 160 0
w 448 208 448 256 0
w 64 256 32 256 0
w 80 144 80 96 0
w 80 96 128 96 0
w 80 208 144 208 0
w 144 208 144 160 0
w 144 208 144 256 0
x -84 296 18 299 4 24 clockwise
x 576 293 717 296 4 24 anticlockwise
