$ 1 0.000005 0.529449005047003 33 5 50
l 480 128 544 128 0 0.0022 -1.3791347210724823
l 480 304 544 304 0 0.0016 1.3796354513442564
l 480 176 480 256 0 0.00015 1.8681232437937711
c 400 176 400 256 0 0.0000011 14.14259450180588
d 160 112 224 112 2 1N5712
d 176 224 240 224 2 1N5712
f 240 272 288 272 32 1.5 0.02
f 240 160 288 160 32 1.5 0.02
r 96 272 144 272 0 3300
r 96 160 144 160 0 3310
v 544 352 544 304 0 0 40 5 0 0 0.5
g 544 352 544 384 0
w 544 304 544 128 0
w 480 128 480 176 0
w 480 304 480 256 0
w 400 176 480 176 0
w 400 256 480 256 0
w 288 144 400 144 0
w 400 144 400 176 0
w 288 288 320 288 0
w 320 288 320 320 0
g 320 320 320 352 0
w 288 256 368 256 0
w 368 256 400 256 0
g 288 176 288 208 0
w 224 112 288 112 0
w 288 112 288 144 0
w 240 224 288 256 0
w 176 224 176 160 0
w 160 112 160 272 0
w 96 272 96 160 0
w 96 160 96 64 0
w 96 64 576 64 0
w 576 64 576 304 0
w 576 304 544 304 0
w 176 160 240 160 0
w 160 272 240 272 0
r 144 272 144 336 0 10000
r 144 160 144 208 0 10000
g 144 208 144 224 0
g 144 336 144 352 0
w 144 160 176 160 0
w 144 272 160 272 0
o 3 1 0 4107 40 3.2 0 2 3 3
o 2 1 0 4107 40 3.2 1 2 2 3
